#blosc
12.85
13.34
12.77
12.77
12.73
12.82
12.91
12.81
12.74
12.67
12.96
12.74
12.74
12.89
12.67
12.81
12.67
12.88
12.64
12.69
12.84
12.94
12.98
12.88
12.79
12.86
12.87
12.90
12.81
12.72
12.95
12.89
12.78
12.81
13.00
12.77
12.68
12.80
12.75
12.71
12.83
12.95
12.83
12.72
12.75
12.89
12.76
12.87
12.91
12.81
12.83
12.88
12.81
12.74
12.77
12.80
12.90
13.00
12.97
12.68
12.92
12.73
12.70
12.71
12.80
12.69
12.80
12.75
12.93
13.02
12.81
12.83
12.78
12.91
12.92
12.79
12.87
12.87
12.89
12.78
12.84
12.88
12.79
13.05
12.87
12.74
12.77
12.89
12.74
12.92
12.79
12.99
12.86
12.93
12.76
12.71
12.91
12.96
12.90
12.98
12.81
12.83
12.82
12.77
12.85
12.74
12.79
12.98
13.02
12.76
12.94
12.73
12.73
12.61
12.86
12.81
12.89
12.90
13.02
12.79
12.88
12.84
12.81
12.93
12.77
12.86
12.74
12.77
12.84
13.03
12.76
12.86
12.97
12.94
12.73
12.77
12.91
12.75
12.78
12.88
12.92
12.94
12.87
12.64
12.99
12.76
12.73
13.04
12.75
12.91
12.72
12.85
12.93
12.88
12.76
12.97
12.99
12.80
12.75
12.90
13.03
12.65
12.75
12.92
12.72
12.95
12.72
12.83
12.94
12.83
12.88
12.72
12.75
12.92
12.88
12.90
12.98
13.01
12.66
12.98
12.92
12.92
12.79
12.83
12.95
12.77
12.84
12.64
12.84
12.79
12.78
12.84
12.74
12.98
12.76
12.80
12.74
13.00
12.68
12.78
12.94
12.88
12.96
12.94
12.85
12.80
12.83
13.04
12.75
12.85
12.73
12.95
12.80
12.74
12.76
12.80
12.71
12.74
12.80
12.80
12.85
12.90
12.89
12.90
12.99
12.87
12.62
12.82
12.87
12.74
12.86
12.76
12.98
12.92
12.72
12.69
12.72
12.97
12.67
12.99
12.78
12.77
12.82
12.76
12.85
12.75
12.73
12.88
12.60
12.69
12.93
12.69
12.74
12.56
12.77
12.68
12.83
12.74
12.96
12.88
12.72
12.83
12.91
12.80
12.99
12.90
12.90
12.96
12.76
12.70
12.78
12.89
12.83
12.80
12.92
12.61
12.89
12.80
12.95
12.99
12.74
12.70
12.93
12.89
12.83
12.72
12.89
12.75
12.61
12.84
12.94
12.66
12.73
12.99
12.69
12.87
12.83
12.88
12.83
12.87
12.79
13.00
12.85
12.62
12.93
12.82
12.73
12.95
13.01
12.63
12.74
12.76
12.71
12.90
12.84
12.74
12.70
12.98
12.66
12.73
12.82
12.56
12.82
12.74
12.83
12.82
12.75
12.83
12.76
12.82
12.81
12.84
12.87
12.90
12.80
12.79
12.96
12.95
12.76
12.85
12.75
12.98
12.67
12.89
12.67
12.77
12.79
12.80
12.82
12.69
12.87
12.86
12.83
12.80
12.80
12.67
12.78
12.91
12.88
12.80
12.91
12.78
12.97
12.93
12.68
12.93
12.92
12.91
12.81
12.89
12.71
12.71
13.00
12.76
12.83
12.92
12.78
12.86
12.77
12.89
12.86
12.73
12.89
12.68
12.72
12.85
12.80
12.78
12.88
12.71
12.84
12.77
12.94
12.87
12.84
12.87
12.78
12.84
12.68
12.88
12.87
12.88
12.84
12.88
12.95
12.95
12.80
12.78
12.81
12.75
12.81
12.93
12.79
12.86
12.89
12.96
12.88
12.64
12.87
12.76
12.96
12.66
12.86
12.76
12.91
12.82
12.92
12.86
12.87
12.66
12.77
12.88
12.72
12.89
12.94
12.92
12.67
12.76
12.86
12.69
12.81
12.80
12.84
12.91
13.00
12.65
12.86
12.82
12.92
12.84
12.93
12.71
12.95
13.02
12.85
12.78
12.60
12.69
12.67
12.81
12.77
12.96
12.83
12.86
12.66
12.99
12.89
12.80
12.79
12.79
12.83
12.69
12.80
12.75
12.75
12.86
12.90
12.79
12.97
12.96
12.80
12.64
12.98
12.72
12.95
12.71
12.84
12.83
12.94
12.82
12.82
12.98
12.85
12.68
12.74
12.75
12.68
12.95
12.87
12.99
13.02
12.97
12.81
13.02
12.74
12.79
12.92
13.03
12.79
12.94
12.98
12.89
12.86
13.11
12.98
12.70
12.92
12.76
12.94
13.03
12.98
12.88
12.85
12.70
12.65
12.83
12.91
12.97
12.79
12.84
12.78
12.84
12.81
12.80
12.99
12.70
12.88
12.82
12.88
12.83
12.94
12.81
12.97
13.02
12.95
12.87
12.72
12.64
12.72
12.80
12.93
12.86
12.84
12.81
12.74
12.89
12.77
13.01
13.00
12.83
12.95
12.71
12.96
12.71
12.98
12.85
12.67
12.84
12.99
12.72
12.79
12.70
12.96
12.86
12.76
12.66
12.88
12.62
12.92
12.93
12.83
12.77
12.85
12.73
12.89
12.98
12.83
12.78
12.95
12.88
12.86
12.87
12.82
12.85
12.75
12.87
12.82
12.87
12.94
12.93
12.98
12.82
12.78
12.90
13.02
13.07
12.86
12.72
12.81
12.93
12.98
12.86
12.88
12.80
12.99
12.99
12.65
12.81
12.80
12.85
12.96
12.76
12.96
12.79
12.95
12.73
12.83
12.71
13.01
12.80
12.91
12.77
12.98
12.77
12.85
12.91
12.71
12.70
12.78
12.82
12.86
12.80
12.79
12.81
12.81
12.94
13.02
12.81
12.81
12.68
12.63
12.74
12.65
12.79
12.78
12.80
12.65
12.81
12.77
12.97
12.88
12.83
12.86
12.72
13.03
12.90
12.68
12.78
12.78
12.92
12.62
12.76
12.83
12.74
12.60
12.93
12.84
12.83
12.90
12.71
12.79
12.86
12.85
13.00
12.97
12.91
12.96
12.93
12.90
13.02
12.75
12.91
12.89
12.95
12.80
12.74
12.86
12.98
12.74
12.79
12.64
12.99
12.83
12.95
12.89
12.77
12.79
12.87
12.93
12.79
12.62
12.82
12.75
12.73
12.84
12.88
12.76
12.90
12.80
12.82
12.95
12.71
12.96
12.84
12.85
12.93
13.00
12.75
12.73
12.89
12.69
12.73
12.82
12.68
13.01
12.92
12.78
12.78
12.85
12.80
12.70
12.90
12.78
12.66
12.67
12.93
12.96
12.91
12.93
12.67
12.90
12.64
12.85
12.65
12.79
12.90
12.81
12.74
12.85
12.99
12.72
12.88
12.91
12.92
12.75
12.87
12.93
12.99
12.96
13.06
12.68
12.70
12.70
12.96
13.00
12.99
12.75
12.79
12.86
12.75
12.91
12.79
12.85
12.93
12.93
12.85
13.03
12.95
12.81
12.79
12.82
12.77
12.78
12.69
12.78
12.88
12.81
12.98
12.75
12.86
12.89
12.80
12.77
12.74
12.78
12.81
12.78
12.85
12.89
13.00
12.71
12.76
12.92
12.77
12.94
12.75
12.76
12.97
12.89
12.82
12.92
12.80
12.94
12.63
12.91
12.76
12.81
12.94
12.82
12.79
12.79
12.96
13.04
12.94
12.69
12.70
12.82
12.86
12.76
12.89
12.79
12.93
12.83
12.88
12.97
12.90
12.70
12.86
13.04
12.70
12.80
12.82
12.91
12.68
13.00
12.66
12.70
12.88
12.74
12.84
12.65
12.77
12.73
12.95
12.83
12.81
12.80
12.75
12.67
12.85
12.74
12.77
12.95
12.92
12.76
12.81
12.93
12.83
12.70
12.91
12.83
12.90
12.89
12.87
12.73
12.79
12.70
12.69
12.82
12.99
13.02
12.91
12.99
13.01
13.02
13.01
12.90
12.97
12.89
12.87
13.03
12.64
12.66
12.78
12.83
12.70
12.94
12.81
13.06
12.70
12.64
12.78
12.82
12.92
12.73
12.76
12.65
12.87
12.91
12.77
12.84
12.88
12.89
12.79
12.78
13.04
12.91
12.71
12.86
12.90
12.81
12.70
12.75
13.03
12.85
12.94
12.83
12.97
12.90
12.90
12.85
12.74
12.78
12.99
12.83
12.78
12.80
12.93
12.86
12.83
12.74
12.99
12.89
12.93
12.82
12.92
12.68
12.97
12.89
13.07
12.91
12.88
12.69
12.86
12.83
12.88
12.98
12.87
12.92
12.80
12.66
12.96
12.81
12.81
12.84
12.82
12.87
12.98
12.91
12.76
12.99
12.80
12.78
12.76
12.73
12.93
12.74
12.88
12.88
12.77
12.96
12.89
12.82
12.87
12.93
12.85
12.71
12.95
12.69
12.83
12.68
12.95
12.97
