#ffmpeg
47.58
48.82
47.66
47.71
47.61
47.73
47.63
47.50
47.67
47.77
47.86
47.74
47.72
47.74
47.71
47.71
47.73
47.71
47.55
47.77
47.98
47.79
47.81
47.50
47.61
47.73
48.18
47.68
47.71
47.84
47.83
47.76
47.79
48.19
47.77
47.79
47.81
47.69
47.78
47.64
47.72
47.79
47.87
47.59
47.94
47.95
47.74
47.71
47.83
47.62
47.65
47.66
47.73
47.68
47.80
47.85
47.82
47.58
47.65
47.77
47.54
47.68
47.72
47.64
47.70
47.59
47.67
47.61
47.70
47.74
47.69
47.67
47.31
47.65
47.71
47.76
48.15
47.88
48.11
47.77
47.77
47.94
47.85
47.83
48.02
47.84
47.72
47.69
47.96
47.99
47.88
47.83
47.84
47.43
47.99
47.65
47.82
47.84
47.79
47.96
47.83
48.01
47.67
47.79
47.94
47.73
47.92
48.86
47.60
48.94
47.81
47.88
47.61
47.74
47.80
47.67
47.62
48.00
47.65
47.63
47.84
47.87
47.58
47.93
47.90
48.01
47.99
47.96
47.83
47.71
47.88
47.77
49.19
47.95
47.94
47.63
47.67
47.98
47.95
47.92
47.69
47.75
47.71
48.82
47.95
47.78
47.87
48.00
47.78
47.91
47.70
47.89
47.69
47.80
47.75
47.82
48.95
47.96
47.43
47.69
47.80
47.89
47.97
47.89
47.94
47.68
48.05
47.77
47.84
47.78
47.93
47.74
47.71
47.72
47.79
47.75
48.05
47.80
47.63
47.72
48.03
48.02
47.82
47.73
48.06
47.89
47.89
47.78
47.77
47.90
47.87
47.93
47.70
47.55
47.98
47.76
47.63
47.83
48.21
47.86
47.73
47.87
47.93
47.86
47.82
47.91
47.94
47.89
47.78
47.71
47.67
47.78
48.11
47.66
47.68
47.98
47.32
47.77
47.75
47.87
47.82
47.86
47.77
47.70
47.80
47.79
47.74
47.79
48.01
47.95
47.64
47.73
48.06
47.89
47.99
47.77
47.87
47.76
47.29
47.82
47.88
47.95
47.76
47.93
47.74
47.88
47.77
47.73
47.58
47.40
47.78
48.37
47.75
47.77
48.00
47.64
47.89
47.68
48.11
47.89
47.61
47.85
48.52
47.66
47.82
47.97
47.87
47.86
47.93
48.10
47.87
47.89
47.66
47.78
47.91
47.68
48.00
49.29
47.61
47.79
47.76
47.67
47.66
47.51
47.93
47.90
47.73
47.91
47.82
47.81
47.74
47.89
47.65
47.78
47.91
47.83
47.73
47.83
47.46
48.11
49.22
47.63
47.93
47.92
47.61
47.69
47.89
47.72
48.05
47.78
47.67
47.83
47.83
47.77
47.81
47.80
48.06
47.78
47.85
47.91
47.81
47.95
47.70
47.93
47.95
47.93
47.66
47.79
47.72
49.15
48.00
47.73
47.67
47.84
47.82
47.98
48.04
47.94
48.29
47.88
48.12
47.85
47.89
47.66
48.02
47.92
47.85
47.91
49.02
47.88
47.92
47.68
47.77
47.86
47.93
48.09
47.93
47.69
47.86
47.87
47.66
47.91
48.39
47.83
47.80
47.86
47.81
47.81
48.32
47.96
47.82
47.86
48.36
48.27
47.78
47.81
47.92
47.58
47.95
47.72
47.81
47.79
47.70
48.06
47.95
48.10
47.56
47.98
47.77
47.84
47.88
47.88
47.76
48.08
47.98
47.95
47.88
48.02
48.02
47.99
47.94
47.85
48.91
47.67
47.73
47.58
47.82
47.66
47.97
47.68
47.75
48.02
47.96
47.95
47.93
47.79
47.70
47.69
47.97
47.91
47.75
47.94
47.88
48.18
47.73
47.55
47.72
48.27
47.55
47.78
47.88
47.85
47.82
47.89
47.79
47.80
47.86
47.91
47.68
47.70
47.89
47.62
47.70
47.77
47.74
47.81
47.61
47.83
47.91
47.86
47.84
47.80
47.82
47.68
47.97
47.73
47.91
47.93
47.91
47.71
47.77
47.91
47.65
48.64
47.36
47.96
47.88
49.31
47.70
47.97
48.09
47.94
47.87
47.94
47.78
47.65
47.81
47.99
47.98
47.67
47.83
47.90
47.84
47.83
47.91
47.85
47.80
47.71
47.83
47.79
47.80
47.77
47.73
47.55
48.06
48.11
47.86
47.63
47.87
47.89
47.85
47.97
47.63
47.88
47.96
47.90
47.96
47.72
47.77
48.00
48.10
47.71
47.31
47.76
47.87
47.98
47.83
47.98
47.73
47.87
47.80
48.25
47.92
47.80
47.69
47.77
47.86
48.03
47.72
47.74
47.77
47.84
47.94
47.81
47.68
47.90
47.85
47.94
47.74
47.82
47.81
47.81
48.13
47.66
47.94
47.69
48.43
47.79
48.00
47.92
47.88
47.93
47.91
47.87
47.93
47.89
47.86
47.37
48.70
47.79
47.76
47.88
48.07
47.82
47.79
47.67
47.91
48.02
47.80
47.82
47.70
47.95
47.74
48.08
48.17
47.84
47.96
47.70
48.06
47.65
47.74
47.90
47.76
47.97
47.76
47.80
47.78
48.04
47.82
47.91
47.91
47.74
47.97
47.93
47.56
47.79
47.94
48.16
47.63
47.73
47.97
47.99
47.92
48.35
47.75
48.11
48.01
47.96
47.81
49.31
47.84
48.05
47.77
47.92
47.92
47.82
47.95
47.73
47.95
47.84
47.97
47.97
47.94
47.69
47.78
48.05
48.61
47.73
47.81
48.00
47.79
47.75
47.78
47.70
47.74
47.65
48.09
47.89
47.90
47.85
47.94
47.64
47.75
47.68
47.86
47.89
47.71
47.74
47.74
47.74
48.30
47.81
48.14
49.15
47.99
47.87
47.88
47.72
47.62
48.10
47.73
47.77
47.84
47.97
47.91
47.77
47.82
47.75
48.04
47.67
49.22
47.72
48.00
47.73
47.79
47.92
47.84
47.85
48.06
47.80
47.73
47.95
47.83
47.98
47.61
47.94
47.76
47.68
47.79
47.76
47.86
48.22
47.70
47.67
47.72
47.72
48.03
47.70
47.83
47.77
47.83
47.72
47.60
47.91
47.93
47.68
47.65
47.70
47.74
47.88
47.84
48.16
47.96
48.26
47.99
47.64
47.91
47.73
47.91
47.84
47.77
48.00
47.76
47.86
47.78
47.75
47.93
48.08
47.77
47.77
47.76
47.93
47.81
47.91
47.78
48.51
49.03
47.84
48.10
48.04
47.95
47.89
47.76
47.85
47.73
47.86
47.68
48.25
47.94
47.84
47.89
47.85
48.15
47.75
47.90
48.01
48.05
47.94
47.75
47.82
47.85
47.82
47.88
47.76
48.40
47.74
47.86
47.90
47.80
47.93
47.99
47.83
47.90
47.76
47.73
47.71
47.84
47.83
47.84
47.87
48.10
47.94
47.50
47.76
47.79
47.70
48.06
48.08
47.74
47.91
47.90
47.90
48.24
47.78
47.92
48.28
47.81
47.98
47.74
48.08
47.99
47.87
47.86
47.98
47.89
47.67
48.31
48.03
48.06
47.64
48.86
47.83
47.65
47.68
47.66
47.97
47.90
47.83
47.82
49.17
47.94
47.80
48.07
47.94
47.83
47.98
48.68
48.03
47.77
48.12
47.70
47.96
47.82
47.89
48.04
47.92
47.92
48.04
48.15
47.84
47.86
47.77
47.66
47.91
47.63
47.70
48.00
47.46
47.83
47.77
47.76
47.90
47.99
47.91
47.81
47.99
48.33
47.87
47.87
47.80
48.12
48.01
47.94
47.87
47.78
47.76
47.93
47.88
47.73
47.76
47.66
47.68
47.83
47.97
49.19
47.83
47.76
47.70
47.81
47.96
48.10
47.88
48.37
48.19
47.93
47.84
47.67
47.91
47.80
47.98
47.93
47.44
48.02
47.74
47.87
48.17
47.85
47.90
47.63
47.94
47.73
47.80
47.91
47.91
47.83
47.66
48.16
47.92
48.05
48.03
47.88
47.78
47.82
48.10
48.20
48.08
48.10
48.06
48.45
47.80
47.89
48.00
47.86
47.73
47.82
47.75
47.91
47.85
47.78
47.91
47.77
47.77
47.79
47.91
48.19
47.72
47.31
47.59
48.03
47.99
47.90
47.86
47.70
47.87
47.72
47.99
47.95
47.95
47.73
47.95
47.85
47.59
47.77
47.98
47.79
47.89
47.72
48.05
47.94
47.75
47.77
47.99
47.96
48.93
48.85
47.83
48.18
48.08
47.96
47.93
47.94
47.92
47.86
47.71
47.94
47.80
47.67
47.85
48.44
47.66
47.78
47.90
47.79
47.86
47.92
47.85
47.74
47.82
47.80
47.88
47.81
47.59
47.74
47.80
47.79
47.95
48.08
48.15
48.41
48.05
47.89
47.70
47.90
