#sdagp (no interval)
29.81
29.70
29.93
29.71
26.25
24.20
25.74
24.16
25.66
24.23
25.33
24.12
25.41
24.00
25.68
23.98
25.51
24.04
25.54
28.08
30.01
29.86
24.92
25.62
24.06
25.80
30.01
30.04
29.31
29.98
29.82
29.35
29.86
29.97
29.22
29.98
29.84
29.34
29.85
30.01
29.32
30.04
29.93
29.29
30.00
30.07
29.34
26.82
24.67
26.00
24.29
25.80
24.06
25.43
24.16
25.64
30.10
30.09
29.43
30.03
29.97
29.19
30.08
30.05
29.22
27.08
24.62
25.93
24.22
25.95
29.36
30.24
29.94
30.22
30.27
29.45
26.97
24.53
25.83
24.25
25.68
24.21
25.72
28.61
30.28
30.29
30.25
30.43
29.48
26.86
24.81
25.66
24.53
25.86
30.27
30.42
29.57
26.82
24.86
26.00
26.84
30.43
30.38
25.73
25.97
30.43
30.28
29.29
27.05
24.71
25.82
27.82
30.28
30.47
24.83
25.73
30.43
30.39
29.61
26.87
24.56
25.85
24.48
25.73
30.39
30.30
29.75
26.85
24.60
25.90
24.22
25.97
30.52
30.59
29.50
26.73
24.59
25.84
29.23
30.58
30.54
27.12
24.86
26.09
27.44
30.56
30.56
25.40
25.77
27.07
24.82
26.03
27.64
30.50
30.56
25.42
25.75
27.15
24.65
26.05
24.39
25.93
30.58
30.40
29.75
26.68
24.53
25.87
30.59
30.35
29.82
26.88
24.61
25.90
24.34
25.90
30.61
30.59
29.73
26.50
24.66
25.98
30.47
30.58
29.52
26.84
24.51
25.99
26.97
30.62
30.53
25.91
25.75
27.07
24.75
26.01
24.62
25.94
30.61
30.56
29.64
26.48
24.44
25.97
30.52
30.58
29.54
27.09
24.58
25.84
27.67
30.61
30.40
25.42
25.90
27.16
24.95
26.07
30.60
30.63
29.71
26.73
24.62
25.83
24.20
25.95
30.69
30.81
29.75
26.23
24.78
25.99
30.58
30.57
29.46
26.82
24.59
25.95
30.66
30.49
29.58
26.97
24.93
26.09
30.44
30.50
29.67
26.98
24.61
26.00
30.35
30.62
29.57
26.96
24.83
25.96
30.60
30.42
29.77
26.81
24.68
26.22
30.65
30.54
29.67
26.89
24.61
25.94
30.55
30.46
29.92
26.76
24.77
25.94
30.47
30.67
29.65
26.86
24.72
26.06
30.65
30.59
29.76
26.62
24.57
26.21
30.74
30.62
29.50
26.86
24.56
26.14
30.78
30.48
29.77
26.55
24.58
25.89
30.67
30.56
29.58
26.96
24.84
25.89
30.66
30.72
29.76
26.69
24.72
26.13
30.48
30.48
29.72
26.74
24.51
26.04
29.11
30.64
30.62
27.20
24.73
26.06
30.67
30.59
29.59
26.85
24.66
26.05
30.45
30.54
29.66
27.03
24.60
25.99
26.90
30.65
30.57
25.75
25.77
27.22
24.68
25.98
24.31
26.05
30.57
30.63
29.75
26.43
24.70
26.09
30.61
30.83
29.53
26.65
24.77
26.26
30.47
30.66
29.80
26.54
24.61
26.16
30.65
30.59
29.75
26.59
24.68
26.05
30.62
30.55
29.60
26.76
24.63
26.11
30.57
30.48
29.71
26.78
24.68
26.16
30.68
30.54
29.71
26.66
24.52
26.04
30.72
30.49
29.54
26.96
24.69
25.94
30.69
30.49
29.78
26.85
24.72
26.06
30.68
30.69
29.61
26.74
24.78
26.20
30.63
30.79
29.88
26.32
24.61
26.10
30.52
30.55
29.87
26.49
24.51
26.09
30.65
30.49
29.84
26.71
24.63
26.06
30.80
30.70
29.80
26.66
24.46
26.00
30.54
30.49
29.58
26.91
24.74
26.23
30.77
30.64
29.68
26.65
24.68
26.08
30.74
30.70
29.77
26.30
24.67
26.07
30.46
30.65
29.66
26.90
24.81
25.96
30.73
30.70
29.73
26.58
24.74
26.07
30.65
30.73
29.59
26.59
24.78
26.01
30.46
30.67
29.89
26.73
24.47
26.05
30.63
30.49
29.79
26.70
24.56
26.23
30.46
30.55
29.82
26.74
24.64
25.95
30.67
30.65
29.76
26.71
24.78
26.03
30.75
30.76
29.64
26.56
24.79
25.83
30.54
30.70
29.63
26.68
24.83
26.30
30.66
30.53
29.86
26.57
24.48
25.99
30.75
30.58
29.77
26.67
24.65
26.08
30.70
30.57
29.70
26.59
24.69
26.13
30.65
30.60
29.78
26.59
24.71
26.17
30.70
30.68
29.87
26.47
24.52
26.18
30.64
30.72
29.81
26.44
24.72
26.06
30.64
30.70
29.69
26.51
24.60
26.03
30.68
30.71
29.75
26.43
24.77
25.93
30.51
30.67
29.67
26.80
24.62
26.23
30.57
30.65
29.64
26.66
24.58
26.18
30.51
30.50
29.85
26.60
24.88
25.99
30.51
30.76
29.74
26.71
24.56
26.02
30.51
30.54
29.83
26.72
24.65
25.97
30.53
30.64
29.73
26.97
24.79
26.24
30.55
30.72
29.77
26.52
24.64
26.07
30.76
30.69
29.86
26.35
24.64
25.99
30.48
30.63
29.91
26.62
24.69
26.06
30.73
30.70
29.84
26.39
24.61
26.19
30.73
30.73
29.84
26.41
24.59
26.18
30.72
30.74
29.61
26.44
24.66
26.27
30.51
30.72
29.58
26.51
24.80
26.08
30.58
30.75
29.81
26.32
24.64
26.21
30.78
30.61
29.66
26.62
24.77
25.86
30.75
30.53
29.86
26.58
24.50
26.08
30.53
30.60
29.71
26.77
24.78
26.20
30.60
30.76
29.72
26.65
24.77
26.14
30.53
30.75
29.61
26.47
24.77
25.92
30.67
30.50
29.91
26.45
24.70
26.19
30.72
30.64
29.80
26.45
24.62
26.11
30.71
30.54
29.79
26.70
24.74
26.09
30.67
30.54
29.60
26.58
24.78
26.00
30.77
30.54
29.70
26.54
24.65
26.00
30.70
30.61
29.57
26.70
24.79
26.23
30.54
30.69
29.88
26.68
24.59
26.08
30.92
30.75
29.84
26.27
24.60
26.14
30.70
30.66
29.89
26.39
24.62
25.90
30.60
30.72
29.69
26.65
24.65
26.06
30.72
30.55
30.21
26.23
24.62
26.02
30.73
30.65
29.93
26.23
24.77
26.33
27.22
25.03
26.28
30.77
30.58
29.94
26.60
24.79
26.04
30.57
30.72
30.16
26.39
24.67
26.01
30.65
30.73
30.06
26.27
24.53
26.15
30.74
30.51
30.03
26.36
24.46
26.10
30.56
30.59
29.90
26.54
24.78
26.30
27.37
24.86
26.15
27.05
30.50
30.67
26.50
25.38
27.13
24.78
26.04
30.75
30.61
30.01
26.53
24.81
26.08
30.72
30.61
30.11
26.32
24.54
25.90
30.71
30.70
29.82
26.48
24.81
26.07
30.51
30.59
29.84
26.56
24.81
25.97
30.68
30.51
30.00
26.33
24.74
26.24
30.78
30.61
29.80
26.32
24.60
25.98
30.61
30.76
29.92
26.52
24.53
26.28
30.55
30.81
29.96
26.34
24.72
25.97
30.73
30.77
29.99
26.33
24.31
26.12
30.53
30.52
30.05
26.43
24.65
28.46
26.35
24.72
26.20
27.27
24.73
26.00
24.46
26.06
30.57
30.68
29.98
26.41
24.72
25.84
30.50
30.54
30.06
26.53
24.59
26.11
30.66
30.56
29.96
26.58
24.67
25.91
30.52
30.70
30.01
26.42
24.64
26.03
30.69
30.66
30.02
26.36
24.64
25.92
30.76
30.54
30.04
26.41
24.80
26.01
30.55
30.62
30.03
26.60
24.56
26.15
30.71
30.51
30.02
26.17
24.63
26.17
30.56
30.74
29.99
26.47
24.44
26.14
30.74
30.73
30.05
26.34
24.44
26.10
30.81
30.67
29.85
26.34
24.47
26.06
30.48
30.59
29.80
26.59
24.78
26.14
30.59
30.66
30.05
26.55
24.55
26.11
30.71
30.74
30.07
26.35
24.48
26.05
30.46
30.66
29.82
26.49
24.83
26.03
30.68
30.58
30.03
26.60
24.46
26.13
30.48
30.72
30.01
26.36
24.55
26.08
30.66
30.69
29.96
26.53
24.49
25.92
30.57
30.66
30.03
26.63
24.61
26.30
27.26
24.79
26.04
24.42
26.00
30.73
30.71
29.81
26.38
24.60
26.33
27.28
24.88
26.21
30.69
30.51
29.87
26.84
24.80
26.08
30.61
30.68
29.97
26.50
24.66
26.00
30.64
30.84
29.86
26.38
24.74
25.93
30.75
30.52
30.03
26.42
24.57
26.12
30.52
30.77
29.87
26.51
24.76
