#sdag
8.46
8.07
8.21
8.09
8.22
8.18
8.04
8.26
8.28
8.20
8.02
8.20
8.20
8.25
8.27
8.09
8.07
8.29
8.33
8.15
8.16
8.14
8.30
8.26
8.13
8.38
8.26
8.12
8.16
8.18
8.20
8.04
8.16
8.10
8.28
8.18
8.13
8.35
8.25
8.24
8.10
8.34
8.14
8.06
8.02
8.27
8.11
8.11
8.10
8.20
8.24
8.28
8.06
8.09
8.31
8.24
8.38
8.31
8.18
8.21
8.13
8.29
8.23
8.09
8.29
8.18
8.14
8.32
8.33
8.11
8.27
8.29
8.16
8.33
8.33
8.29
8.10
8.29
8.28
8.12
8.33
8.16
7.97
8.20
8.24
8.27
8.29
8.16
8.10
8.20
8.11
8.34
8.36
8.35
8.25
8.06
8.31
8.22
8.10
8.33
8.36
8.09
8.20
8.18
7.99
8.20
8.10
8.45
8.16
8.33
8.17
8.47
8.13
8.18
8.33
8.27
8.38
8.14
8.16
8.32
8.15
8.32
8.24
8.29
8.27
8.30
8.27
8.24
8.24
8.25
8.16
8.21
8.25
8.25
8.28
8.37
8.40
8.28
8.26
8.08
8.32
8.29
8.21
8.33
8.22
8.03
8.13
8.30
8.16
8.15
8.07
8.28
8.32
8.35
8.27
8.35
8.14
8.19
8.33
8.13
8.47
8.34
8.08
8.27
8.30
8.05
8.14
8.34
8.34
8.17
8.34
8.13
8.28
8.29
8.16
8.11
8.25
8.33
8.22
8.31
8.26
8.10
8.29
8.14
8.28
8.27
8.28
8.12
8.13
8.27
8.12
8.16
8.11
8.42
8.25
8.09
8.14
8.15
8.11
8.41
8.32
8.26
8.32
8.11
8.13
8.20
8.32
8.29
8.33
8.12
8.19
8.06
8.26
8.17
8.12
8.28
8.32
8.36
8.35
8.28
8.28
8.33
8.19
8.35
8.50
8.28
8.14
8.30
8.34
8.27
8.17
8.23
8.20
8.30
8.31
8.13
8.28
8.40
8.28
8.12
8.25
8.44
8.29
8.13
8.12
8.29
8.11
8.34
8.35
8.13
8.31
8.13
8.29
8.09
8.08
8.12
8.24
8.10
8.18
8.29
8.35
8.31
8.10
8.05
8.03
8.23
8.10
8.47
8.33
8.31
8.20
8.09
8.21
8.27
8.26
8.37
8.30
8.19
8.27
8.20
8.23
8.37
8.29
8.29
8.30
8.12
8.24
8.32
8.33
8.15
8.15
8.28
8.20
8.31
8.43
8.11
8.08
8.35
8.32
8.30
8.32
8.35
8.10
8.21
8.32
8.11
8.23
8.21
8.19
8.08
8.21
8.11
8.19
8.11
8.09
8.18
8.07
8.05
8.04
8.18
8.13
8.16
8.25
8.25
8.39
8.34
8.15
8.13
8.16
8.16
8.18
8.31
8.27
8.11
8.31
8.12
8.30
8.08
8.30
8.28
8.18
8.34
8.19
8.14
8.26
8.30
8.10
8.28
8.21
8.19
8.04
8.29
8.30
8.30
8.26
8.38
8.21
8.31
8.18
8.28
8.31
8.42
8.32
8.31
8.25
8.09
8.25
8.30
8.32
8.19
8.29
8.24
8.27
8.26
8.08
8.31
8.29
8.10
8.22
8.39
8.07
8.31
8.52
8.09
8.28
8.34
8.25
8.34
8.33
8.25
8.33
8.34
8.11
8.24
8.19
8.33
8.11
8.09
8.10
8.22
8.26
8.26
8.22
8.31
8.07
8.35
8.34
8.40
8.24
8.22
8.42
8.09
8.04
8.16
8.29
8.27
8.13
8.22
7.98
8.03
8.24
8.13
8.17
8.15
8.15
8.06
8.31
8.08
8.13
8.08
8.19
8.18
8.05
8.08
8.16
8.25
8.23
8.02
8.11
8.37
8.37
8.40
8.30
8.45
8.09
8.14
8.14
8.29
8.11
8.39
8.03
8.26
8.16
8.30
8.31
8.16
8.29
8.14
8.26
8.14
8.26
8.31
8.31
8.25
8.18
8.08
8.17
8.22
8.44
8.27
8.16
8.27
8.33
8.44
8.30
8.17
8.34
8.16
8.07
8.16
8.06
8.10
8.33
8.36
8.19
8.43
8.21
8.06
8.32
8.39
8.20
8.24
8.27
8.31
8.07
8.04
8.25
8.20
8.12
8.16
8.28
8.29
8.35
8.32
8.20
8.26
8.09
8.33
8.30
8.32
8.23
8.26
8.12
8.15
8.29
8.18
8.13
8.28
8.18
8.33
8.64
8.27
8.12
8.12
8.02
8.34
8.36
8.14
8.27
8.33
8.27
8.38
8.27
8.27
8.15
8.31
8.34
8.09
8.09
8.19
8.25
8.25
8.10
8.29
8.34
8.22
8.28
8.27
8.32
8.32
8.06
8.19
8.30
8.30
8.16
8.23
8.14
8.26
8.24
8.30
8.10
8.21
8.26
8.12
8.21
8.27
8.37
8.34
8.31
8.17
8.24
8.30
8.28
8.30
8.34
8.41
8.14
8.14
8.37
8.28
8.42
8.27
8.33
8.15
8.20
8.11
8.29
8.21
8.34
8.06
8.10
8.06
8.15
8.20
8.31
8.30
8.22
8.27
8.34
8.12
8.30
8.27
8.36
8.15
8.30
8.48
8.41
8.31
8.26
8.30
8.27
8.30
8.33
8.30
8.27
8.08
8.21
8.22
8.19
8.32
8.13
8.17
8.16
8.08
8.15
8.24
8.32
8.08
8.31
8.21
8.17
8.74
8.10
8.15
8.26
8.27
8.18
8.30
8.32
8.25
8.10
8.21
8.24
8.31
8.32
8.06
8.35
8.31
8.07
8.04
8.23
8.27
8.38
8.27
8.31
8.18
8.16
8.07
8.11
8.14
8.29
8.09
8.17
8.20
8.10
8.08
8.30
8.34
8.35
8.27
8.07
8.37
8.21
8.29
8.32
8.12
8.26
8.17
8.24
8.26
8.32
8.29
8.11
8.32
8.39
8.18
8.13
8.21
8.31
8.33
8.30
8.08
8.28
8.28
8.27
8.11
8.12
8.36
8.26
8.65
8.08
8.30
8.07
8.25
8.24
8.16
8.26
8.29
8.20
8.20
8.21
8.08
8.11
8.14
8.27
8.30
8.11
8.24
8.11
8.30
8.18
8.31
8.26
8.20
8.30
8.24
8.18
8.20
8.10
8.14
8.36
8.24
8.15
8.24
8.33
8.14
8.34
8.20
8.10
8.28
8.15
8.22
8.15
8.04
8.11
8.12
8.29
8.22
8.22
8.26
8.08
8.17
8.27
8.00
8.21
8.05
8.10
8.28
8.36
8.29
8.24
8.27
8.11
8.18
8.24
8.28
8.29
8.16
8.27
8.04
8.32
8.16
8.31
8.11
8.17
8.32
8.25
8.26
8.30
8.40
8.27
8.09
8.19
8.30
8.29
8.21
8.03
8.01
8.27
8.25
8.19
8.32
8.01
8.25
8.13
8.36
8.29
8.12
8.29
8.31
9.35
8.19
8.32
8.30
8.21
8.36
8.33
8.05
8.20
8.24
8.29
8.19
8.31
8.29
8.32
8.18
8.26
8.24
8.08
8.27
8.17
8.37
8.08
8.24
8.16
8.32
8.04
8.22
8.25
8.11
8.31
8.18
8.18
8.33
8.31
8.17
8.15
8.24
8.23
8.17
8.27
8.32
8.05
8.22
8.45
8.11
8.26
8.22
8.11
8.05
8.36
8.27
8.27
8.19
8.18
8.34
8.11
8.37
8.37
8.15
8.11
8.16
8.30
8.18
8.50
8.37
8.15
8.13
8.18
8.29
8.26
8.27
8.35
8.33
8.27
8.30
8.28
8.17
8.30
8.10
8.29
8.04
8.05
8.33
8.12
8.28
8.18
8.30
8.11
8.27
8.28
8.14
8.29
8.33
8.09
8.25
8.28
8.11
8.06
7.99
8.16
8.05
8.30
8.29
8.16
8.19
8.07
8.05
8.20
8.27
8.17
8.01
8.02
8.21
8.08
8.19
8.21
8.21
8.32
8.31
8.23
8.30
8.11
8.25
8.36
8.24
8.25
8.10
8.23
8.34
8.12
8.08
8.22
8.22
8.32
8.32
8.22
8.07
8.11
8.26
8.29
8.15
8.17
8.12
8.25
8.15
8.28
8.07
8.38
8.08
8.31
8.16
8.23
8.07
8.31
8.25
8.22
8.16
8.23
8.25
8.24
8.23
8.34
8.08
8.09
8.20
8.26
8.20
8.11
8.30
8.32
8.29
8.29
8.07
8.26
8.32
8.18
8.08
8.10
8.06
8.16
8.32
8.18
8.34
8.26
8.15
8.15
8.22
8.27
8.35
8.32
8.08
8.10
8.12
8.11
8.10
8.30
8.12
8.32
8.31
8.10
8.34
8.25
