# blosc
13.00
12.76
12.90
12.95
12.84
12.75
12.74
12.84
12.95
12.83
12.83
12.91
12.90
13.03
12.75
12.94
12.57
12.89
12.87
12.69
12.89
12.89
12.97
12.97
12.95
12.72
12.91
12.84
12.98
12.68
13.00
12.98
13.01
13.03
12.80
12.80
12.91
12.97
13.10
12.75
12.77
12.90
12.79
12.97
12.93
12.98
12.97
13.09
12.81
12.96
12.91
12.88
13.03
12.90
12.75
12.83
12.74
12.88
12.97
12.78
12.85
12.94
12.87
12.77
12.76
12.78
12.64
12.72
12.78
12.71
12.82
12.85
12.96
12.99
12.99
12.90
12.70
12.89
12.75
13.00
13.05
12.70
12.88
12.95
12.83
12.79
12.83
12.99
12.89
12.78
12.96
12.85
12.90
12.82
12.71
12.84
12.87
12.77
12.88
12.88
12.79
12.73
12.93
13.03
12.80
12.93
12.92
12.87
12.84
12.94
12.70
12.95
12.81
12.75
13.02
12.81
12.74
12.93
12.92
12.85
12.99
12.87
12.95
12.69
12.99
12.83
12.83
12.78
13.00
12.88
13.02
13.02
13.04
12.84
13.11
12.78
12.92
12.90
12.90
12.92
12.91
12.88
12.76
12.99
12.75
13.01
12.86
12.89
12.97
12.94
12.76
12.84
12.93
12.91
13.00
12.73
12.82
12.86
12.75
12.92
12.99
12.67
12.82
13.02
12.73
12.87
12.72
13.01
12.59
12.98
12.81
12.92
13.01
12.74
12.94
12.99
12.90
12.77
12.69
12.87
12.72
12.68
13.04
12.78
12.87
12.77
12.84
12.67
12.82
12.82
12.90
12.79
12.78
12.85
12.89
12.77
12.90
12.99
12.83
12.94
12.77
12.94
12.89
12.94
13.11
12.63
12.99
12.73
12.97
12.69
13.02
12.80
12.80
12.93
12.83
12.97
12.99
12.90
12.77
12.84
13.00
12.82
13.06
12.81
12.84
12.90
12.90
12.79
12.81
12.72
12.93
12.75
12.91
12.85
12.65
12.67
12.68
12.67
12.77
12.65
12.74
13.02
12.99
12.74
12.93
12.85
12.89
13.03
13.04
12.94
13.02
12.90
12.98
12.89
12.88
12.89
12.85
12.98
13.01
13.03
12.99
12.74
12.77
12.69
12.81
12.83
12.76
12.74
12.91
12.77
12.85
12.92
12.94
12.87
12.83
12.70
12.84
13.02
12.71
12.79
12.93
13.09
12.92
12.68
12.75
12.80
12.77
12.65
12.88
12.79
12.74
12.86
12.85
12.88
12.71
13.02
12.89
12.90
13.08
12.95
12.87
12.78
12.93
12.90
12.85
12.98
12.79
13.07
12.77
12.98
12.80
12.82
12.97
12.90
12.94
12.84
12.92
12.93
12.70
12.70
12.98
12.71
13.03
12.92
13.02
12.83
12.88
12.96
12.97
12.80
12.87
13.01
12.82
13.08
12.84
12.80
12.76
12.86
12.85
12.77
12.96
12.96
13.00
12.88
12.86
13.05
13.01
12.80
12.95
13.12
12.69
12.96
12.85
12.97
12.69
12.93
12.95
12.69
12.97
13.01
12.89
12.86
12.75
12.84
13.13
12.93
12.83
13.02
12.79
12.82
12.81
12.83
12.66
