# ffmpeg
47.72
48.05
47.84
48.34
47.92
47.90
47.71
48.06
48.03
48.02
47.92
48.66
47.77
48.17
48.47
48.06
47.71
47.90
47.97
47.97
47.79
48.50
47.77
48.08
48.01
48.12
48.04
47.90
47.90
48.23
47.84
47.93
47.77
47.95
47.77
47.88
47.81
48.03
48.13
47.97
47.66
48.20
47.74
47.83
47.79
48.01
47.77
48.08
47.89
47.87
47.99
47.84
47.91
47.78
47.90
47.65
48.15
47.71
47.88
48.06
47.92
47.69
48.12
47.69
48.56
47.81
48.21
47.76
48.17
47.86
48.00
47.73
47.93
47.74
47.84
47.91
48.02
47.83
48.84
47.84
48.09
48.35
48.30
47.66
48.07
48.00
48.25
48.13
47.92
47.81
47.96
49.15
47.88
47.94
48.31
47.79
47.91
47.83
47.96
47.99
48.17
47.83
48.01
47.66
48.04
47.88
48.08
47.97
47.88
47.77
48.11
47.92
48.04
47.93
48.10
49.16
48.00
47.84
47.78
48.18
47.98
47.65
47.90
48.02
47.83
48.14
47.79
47.88
48.06
47.96
48.01
47.80
48.06
47.78
48.00
48.13
48.09
47.72
48.17
47.97
47.86
47.56
47.84
47.85
48.10
47.64
47.88
47.94
48.04
47.91
48.08
47.84
48.08
47.93
47.99
47.87
47.98
49.24
48.05
47.72
47.76
47.86
48.00
47.90
48.15
47.93
47.85
47.80
48.14
47.91
47.96
48.38
47.84
47.80
48.06
47.78
47.74
48.47
47.63
48.18
47.84
47.91
47.91
48.05
49.19
48.28
48.36
48.06
47.74
48.00
47.92
48.24
47.90
47.98
47.89
48.18
47.93
48.07
47.41
48.06
47.94
48.03
47.88
47.88
47.92
48.06
47.68
48.03
48.13
48.37
47.98
48.10
47.81
48.18
48.17
48.06
47.84
47.76
47.86
47.95
48.06
47.83
48.11
47.75
47.83
47.76
48.04
47.93
47.93
47.63
48.01
48.01
48.13
47.91
48.05
47.90
48.06
48.28
47.95
47.83
47.99
47.89
47.99
47.87
48.24
47.81
47.98
47.84
47.93
47.68
48.02
47.71
47.90
47.85
48.09
47.95
47.86
48.11
47.87
47.77
47.72
47.77
47.96
48.15
47.93
47.93
47.73
47.86
47.77
49.01
47.91
47.99
48.87
48.06
47.73
47.91
47.89
47.71
47.81
47.83
47.62
47.97
48.01
48.06
47.73
47.64
47.80
47.75
48.23
47.62
47.53
48.21
48.08
48.01
47.64
47.85
47.78
47.94
48.14
48.22
47.90
47.77
48.22
47.90
47.72
47.81
47.80
47.69
47.73
47.90
47.79
47.93
47.86
47.80
47.83
47.65
47.71
47.96
47.79
47.83
47.72
48.20
47.72
47.80
47.87
48.33
47.59
47.70
47.95
47.89
47.79
47.83
47.79
47.71
48.00
47.74
47.97
47.88
47.83
47.83
47.87
47.83
47.92
47.89
47.99
49.17
47.99
47.60
47.79
47.95
47.99
47.95
47.63
47.84
47.77
47.90
47.70
47.95
48.04
47.67
48.23
47.91
47.68
47.89
47.88
47.78
47.87
48.12
47.84
47.71
47.95
47.88
47.88
47.88
47.74
47.95
47.84
47.88
47.90
47.84
47.79
47.87
47.80
48.10
47.93
48.97
47.81
47.92
47.75
47.92
47.96
47.71
47.78
47.78
47.95
47.86
47.99
47.77
47.56
47.96
49.30
48.04
47.79
47.94
47.79
47.91
47.71
47.85
47.88
47.79
48.18
47.79
47.94
47.94
48.58
47.89
47.64
47.87
47.78
47.92
47.71
47.97
47.87
47.64
47.72
47.90
47.65
47.97
47.85
47.69
47.75
47.79
47.65
47.75
47.83
47.81
47.89
47.78
47.99
47.96
49.22
48.10
48.32
47.90
49.28
48.05
47.93
48.59
48.23
47.86
47.72
47.92
47.86
47.82
47.65
47.83
47.72
48.95
47.84
48.00
48.68
48.08
47.87
47.88
47.87
47.67
47.94
47.87
47.81
48.10
48.01
48.16
48.22
49.12
47.84
48.74
47.97
47.96
47.87
48.28
47.97
47.81
49.20
47.89
47.91
47.93
48.06
47.93
47.90
47.85
47.92
47.83
47.93
47.66
47.93
47.98
48.07
47.83
48.41
47.81
47.84
48.03
47.76
47.71
47.85
47.84
47.71
47.91
47.89
47.99
47.82
47.70
47.92
47.71
48.14
48.01
48.10
47.85
47.68
47.84
47.82
47.87
47.75
47.84
48.14
47.71
47.94
47.72
48.07
47.86
48.05
47.95
47.56
47.95
48.55
47.69
47.67
48.01
47.46
47.78
47.89
47.74
47.94
47.89
47.64
48.90
47.67
47.88
48.08
47.85
47.68
47.77
47.79
47.73
47.91
48.45
47.70
47.66
48.13
47.94
48.02
47.70
47.81
47.81
47.85
47.99
47.73
47.96
47.97
47.72
47.99
47.69
47.85
48.01
47.98
47.76
47.84
47.65
47.80
47.89
47.81
48.02
47.85
47.86
47.64
47.73
47.80
47.82
47.95
47.88
48.18
47.84
47.93
47.96
47.75
47.71
47.70
47.78
47.84
48.05
47.80
47.69
48.05
48.28
47.85
47.83
47.80
48.71
47.74
47.74
47.74
47.94
47.93
47.86
47.94
48.11
47.87
47.90
47.81
47.67
47.81
47.92
47.80
47.83
47.71
47.84
47.88
47.83
48.15
48.03
47.92
47.83
47.70
47.82
47.91
47.82
47.71
47.76
47.88
47.79
47.91
48.05
47.81
47.92
47.87
47.66
48.09
47.76
47.78
47.78
47.76
47.91
47.91
49.99
47.84
48.11
47.68
47.86
47.88
47.77
47.84
47.84
47.94
47.68
47.88
47.95
47.76
47.85
47.70
48.29
47.85
48.10
47.97
48.67
47.79
47.85
47.85
47.89
47.80
48.00
47.90
47.86
47.88
47.98
48.18
47.88
47.82
47.87
47.68
47.90
47.87
47.87
47.76
47.90
47.80
47.64
47.81
47.83
47.71
47.99
47.97
48.06
47.74
48.05
47.83
47.85
48.02
47.83
47.71
47.79
48.03
48.21
47.93
47.91
47.98
47.88
47.86
47.89
47.90
47.80
47.80
47.89
47.90
47.68
47.97
47.83
47.82
47.97
47.82
47.69
47.79
47.81
47.69
47.78
47.60
47.73
47.69
47.66
47.93
48.14
48.00
47.76
48.04
47.84
47.77
47.89
47.96
47.85
47.64
47.84
47.80
47.90
47.73
47.68
47.77
47.77
47.75
47.95
48.00
47.97
47.84
47.85
47.95
48.11
47.90
47.81
47.91
47.90
47.70
47.95
47.69
47.73
47.85
47.85
47.59
47.77
47.89
47.86
47.78
47.82
47.79
47.86
47.94
47.69
48.02
47.83
47.79
48.07
48.18
48.14
47.91
47.71
47.87
47.65
47.90
47.69
47.71
49.00
48.45
48.10
47.76
47.86
47.89
48.01
47.94
48.04
47.87
47.81
47.81
47.96
47.87
47.98
47.79
47.80
47.88
47.73
47.92
47.75
47.84
47.65
48.10
47.79
49.31
47.88
47.64
47.83
47.96
47.80
47.78
48.18
47.76
47.64
47.69
47.75
47.96
47.80
47.97
47.93
47.64
47.96
47.83
48.22
47.78
47.73
48.09
47.73
47.97
47.76
47.68
47.81
48.32
47.63
47.90
47.85
47.77
48.66
47.91
48.33
47.98
47.69
48.00
48.20
47.66
47.99
47.94
47.72
47.81
47.94
47.81
47.80
47.74
47.69
47.86
47.71
48.01
48.14
47.69
47.72
48.00
47.81
48.27
48.06
48.32
47.76
47.92
47.83
47.78
47.87
47.76
47.79
48.66
47.91
48.03
48.13
47.87
47.86
47.87
47.91
47.68
47.80
47.72
47.94
48.06
48.04
47.81
47.74
47.92
47.84
47.96
47.86
47.69
47.89
47.90
47.76
47.74
47.89
47.71
48.01
47.82
47.78
47.78
47.80
48.26
47.86
48.28
47.81
47.67
47.84
48.61
47.90
47.95
47.97
47.79
47.82
47.69
48.77
47.95
47.75
48.01
47.91
47.61
48.11
48.08
47.93
47.96
47.87
47.59
47.66
47.76
47.82
48.18
47.95
47.76
47.85
47.81
47.76
47.71
47.96
47.81
48.10
48.14
47.90
48.16
47.89
47.84
47.79
47.73
48.07
47.81
48.14
47.94
47.81
47.85
47.91
47.64
47.86
47.71
47.89
47.77
47.86
47.93
48.24
47.91
47.81
47.78
47.62
47.95
47.88
47.90
47.86
47.85
47.83
47.94
47.66
47.92
48.20
47.93
47.87
48.07
48.06
48.19
47.80
47.73
