# nginx
11.72
11.43
11.35
11.82
11.42
12.79
11.82
11.38
11.48
11.63
11.52
11.40
12.35
11.93
11.57
11.70
11.78
11.53
11.66
11.72
11.74
11.45
11.39
11.25
11.71
11.35
11.72
11.76
11.67
11.45
12.38
13.09
11.93
11.76
11.55
11.71
11.55
11.70
11.95
11.82
12.69
11.66
11.81
11.98
11.89
11.90
11.43
11.42
11.52
11.85
11.81
11.63
11.47
11.75
11.61
11.60
11.61
12.09
11.38
11.83
11.59
12.25
11.78
11.79
11.66
11.89
11.86
11.34
12.14
11.55
11.45
11.85
11.52
11.64
11.86
11.53
11.82
11.63
11.53
12.00
12.66
12.90
12.21
11.92
11.43
11.42
11.96
12.06
11.88
13.21
11.82
11.79
11.53
11.68
11.68
11.64
12.03
11.40
11.56
11.74
11.70
11.83
12.22
11.60
13.30
11.49
11.43
12.08
11.42
11.67
11.70
11.53
11.61
11.63
11.90
11.56
11.70
12.87
11.67
11.52
11.52
11.86
11.67
11.76
11.34
11.83
11.98
11.47
11.90
11.63
11.99
11.59
11.70
11.64
11.49
11.81
11.57
12.97
12.05
11.67
11.42
11.45
11.30
12.36
11.56
11.70
12.03
12.06
12.48
11.52
12.59
11.34
11.92
11.74
11.55
12.32
11.90
11.51
11.72
11.83
11.78
11.70
11.88
11.47
12.72
11.63
11.59
11.35
11.68
11.57
11.88
11.48
11.75
11.93
11.40
11.95
13.28
11.48
12.05
11.67
11.85
11.86
11.59
11.48
12.24
12.45
11.92
11.56
12.05
12.12
11.86
11.60
11.83
11.45
11.83
13.02
11.48
12.02
11.82
11.74
11.79
11.75
11.60
11.82
11.86
11.66
11.79
11.72
12.74
11.55
11.99
11.64
11.45
11.82
13.83
11.70
11.57
11.68
11.83
11.20
11.40
11.76
11.53
11.95
11.88
11.61
11.48
11.67
12.09
11.47
12.20
11.48
12.99
11.55
11.89
12.39
11.56
11.96
11.89
11.89
11.78
11.43
12.30
11.39
11.60
11.81
11.88
11.44
11.66
11.81
11.30
11.40
15.15
11.72
11.51
12.55
11.82
11.43
11.83
11.40
13.53
11.76
11.88
11.55
11.93
11.90
12.36
11.59
13.14
11.56
11.56
11.60
11.75
11.59
11.56
11.60
11.64
11.60
11.72
11.40
11.42
11.72
12.92
11.55
11.34
11.42
11.76
11.90
11.67
11.47
11.75
11.59
11.30
11.36
11.88
11.85
11.34
11.51
11.74
12.53
11.40
11.86
11.43
14.08
11.79
11.45
11.98
11.43
11.79
13.11
11.61
11.48
11.49
11.76
11.48
12.08
11.40
11.64
11.71
12.27
11.42
11.22
11.42
11.51
13.81
11.59
11.48
11.95
11.45
11.59
12.12
11.88
12.00
11.24
11.60
11.21
11.68
11.61
11.38
11.92
11.71
11.38
11.51
11.71
11.75
11.55
11.71
11.95
11.78
11.95
11.78
11.42
11.67
11.83
12.03
12.36
12.05
11.76
12.39
11.48
12.41
11.89
11.71
11.67
12.22
12.06
11.56
12.09
11.48
13.25
11.86
11.43
11.66
11.63
11.45
11.49
12.92
11.66
11.67
12.21
11.82
13.05
11.63
11.39
11.56
11.59
11.57
11.67
11.64
11.72
11.86
14.16
13.19
11.47
11.47
12.03
11.68
11.55
11.60
11.35
11.25
11.45
11.68
11.78
11.67
11.96
11.43
11.56
11.85
11.68
12.71
11.86
11.85
11.88
11.75
11.48
11.74
11.48
12.03
11.51
12.38
11.92
11.15
11.79
11.96
11.36
11.57
12.58
11.85
11.71
11.70
11.56
11.78
11.57
11.48
11.82
11.81
11.57
11.53
11.55
12.82
11.39
11.47
13.44
11.86
11.38
11.76
11.68
11.39
12.63
11.86
11.68
11.82
11.93
11.60
11.72
11.45
11.64
12.03
11.88
11.60
12.61
11.61
11.57
11.75
11.86
11.44
11.82
11.55
11.82
11.49
11.53
11.76
11.89
11.70
11.38
11.27
11.56
11.45
11.89
11.49
11.59
12.22
12.36
11.75
11.36
11.75
11.67
11.43
11.57
11.35
11.85
11.44
11.72
12.02
11.40
11.36
11.68
11.88
11.66
11.89
11.67
11.95
14.43
11.71
13.77
11.79
11.71
11.49
11.59
11.51
11.45
11.52
11.59
11.55
11.47
11.53
11.99
11.67
11.19
11.57
11.76
11.68
11.53
11.49
11.72
11.51
11.31
11.86
11.56
11.48
11.79
12.17
11.55
11.67
11.70
11.52
11.31
11.30
11.68
11.79
11.85
11.93
11.88
12.61
11.92
11.93
11.51
11.82
11.21
11.49
11.59
11.56
11.61
11.43
11.57
12.00
12.22
11.86
11.55
11.55
11.51
14.12
11.75
11.33
11.79
13.61
11.85
11.72
11.51
12.05
12.30
12.03
11.98
11.55
11.42
11.89
11.76
11.81
11.48
11.59
11.92
11.92
11.98
13.87
12.03
11.66
11.72
11.71
11.48
11.75
11.72
11.93
11.89
11.76
11.83
11.55
11.39
11.40
11.64
11.95
11.66
12.63
12.33
11.85
11.89
11.36
11.57
12.09
11.48
11.34
12.30
11.44
11.82
11.67
11.55
12.90
11.99
11.57
11.52
11.86
11.55
11.90
11.55
11.36
11.98
11.83
11.88
11.60
11.51
11.78
12.02
11.68
11.57
11.47
13.61
11.78
11.68
11.85
12.17
11.49
11.83
11.98
11.45
11.56
11.64
11.55
11.70
11.44
11.61
11.83
11.88
11.70
11.63
11.59
12.02
11.72
12.20
11.81
12.53
11.40
11.93
11.60
11.56
11.60
12.11
13.57
11.67
11.86
11.76
11.52
11.49
11.53
11.57
11.42
12.21
11.98
11.90
11.66
11.82
12.11
12.95
12.09
11.55
11.49
11.70
11.60
11.72
11.45
11.78
11.44
11.79
11.76
12.22
11.47
11.57
11.68
12.27
12.11
11.74
11.57
11.44
11.56
11.98
11.83
11.49
11.83
11.64
11.74
11.52
11.52
11.68
11.38
11.45
11.72
11.53
11.81
11.88
11.89
11.71
11.55
11.99
13.12
11.66
12.11
11.71
11.59
11.72
11.48
11.70
11.38
13.77
11.86
11.48
11.45
11.26
11.66
11.61
11.99
11.63
11.83
13.00
11.88
11.57
12.67
13.02
11.49
12.14
11.75
11.82
11.39
11.83
11.92
11.71
11.64
11.59
11.52
12.02
11.99
11.82
11.92
11.67
11.85
11.72
11.29
11.70
11.78
11.48
11.49
11.20
11.70
12.11
11.33
11.78
12.11
11.74
11.44
11.99
11.40
12.30
11.92
11.92
11.70
11.75
11.36
11.44
11.99
11.74
11.33
11.74
11.70
11.78
11.42
11.56
11.49
11.48
11.64
11.64
11.59
11.43
11.83
11.93
13.05
12.84
11.67
11.93
11.81
12.64
12.15
11.72
11.40
11.52
11.72
11.36
11.45
11.76
11.47
12.00
12.05
11.66
11.44
11.38
11.88
11.75
11.29
11.67
11.40
11.79
11.47
11.92
11.99
11.92
11.74
12.48
11.53
11.57
11.98
11.53
12.89
11.98
11.47
11.59
11.68
11.82
11.71
11.59
11.64
11.52
11.81
12.55
11.47
11.40
11.82
11.60
11.75
13.55
11.51
11.70
11.75
11.43
11.38
11.83
11.39
11.82
11.67
11.78
11.90
11.60
12.00
11.17
11.56
13.00
11.43
11.89
11.61
11.92
12.52
12.25
11.59
11.49
11.56
11.74
11.26
11.33
12.90
11.51
12.06
11.82
11.92
11.64
11.67
11.75
11.66
11.90
11.67
11.76
11.57
11.60
11.49
12.30
11.53
11.45
11.78
11.89
11.64
11.44
13.70
11.81
12.00
11.89
11.86
11.59
12.33
11.70
11.31
12.12
11.74
11.47
11.52
11.60
11.74
11.85
11.39
11.61
11.79
11.55
11.95
14.73
11.74
11.52
11.76
11.63
11.36
11.60
11.45
11.51
11.88
11.42
11.78
11.44
11.36
11.82
11.74
11.92
11.47
11.56
11.45
11.76
11.78
11.70
11.75
13.53
11.67
11.42
11.48
11.81
11.52
11.57
11.85
11.51
11.56
14.66
11.83
11.76
11.74
11.76
11.60
11.36
11.44
11.36
12.95
11.63
11.78
11.39
11.78
11.76
11.81
11.75
11.79
11.43
11.79
11.55
12.30
11.70
11.98
11.44
11.70
11.75
11.63
11.43
11.89
11.83
11.55
12.00
11.34
11.81
11.81
11.39
