# sdagp
24.93
27.74
25.23
26.36
27.68
25.14
26.51
27.63
25.02
26.51
27.78
25.10
26.74
27.59
24.96
26.58
27.64
25.06
26.66
27.57
24.99
26.48
27.53
25.06
26.65
27.56
25.00
26.68
27.66
25.02
26.46
27.67
25.21
26.56
27.62
25.07
26.52
27.65
24.93
26.70
27.73
24.91
26.43
27.72
25.19
26.41
27.62
25.16
26.68
27.58
25.10
26.38
27.57
25.17
26.40
27.74
25.01
26.61
27.69
25.24
26.51
27.61
25.05
26.45
27.77
25.12
26.52
27.65
24.98
26.59
27.64
24.95
26.73
27.57
25.05
26.59
27.57
25.06
26.56
27.70
25.17
26.52
27.57
25.01
26.51
27.60
24.98
26.71
27.64
25.03
26.59
27.64
24.94
26.61
27.64
25.10
26.63
27.63
25.18
26.35
27.54
25.22
26.52
27.63
25.02
26.43
27.77
25.20
26.49
27.51
25.13
26.69
27.54
25.23
26.40
27.56
25.08
26.57
27.52
25.05
26.46
27.76
25.10
26.47
27.67
25.03
26.66
27.61
25.02
26.49
27.69
25.14
26.40
27.66
25.10
26.55
27.69
24.97
26.68
27.55
24.98
26.64
27.69
24.99
26.66
27.53
25.07
26.60
27.55
25.10
26.55
27.60
25.03
26.45
27.65
25.19
26.56
27.76
24.95
26.52
27.74
25.09
26.66
27.52
24.99
26.60
27.66
25.01
26.47
27.71
25.03
26.69
27.54
25.15
26.54
27.56
25.01
26.55
27.80
25.05
26.52
27.60
25.08
26.50
27.62
25.03
26.47
27.60
25.08
26.66
27.76
25.16
26.64
27.44
25.17
26.48
27.56
25.09
26.57
27.63
25.03
26.40
27.70
25.12
26.49
27.59
25.35
26.41
27.62
25.17
26.41
27.64
25.00
26.54
27.66
24.98
26.46
27.74
25.24
26.39
27.71
25.07
26.42
27.78
25.01
26.63
27.67
24.97
26.52
27.65
25.13
26.67
27.59
24.96
26.46
27.74
25.04
26.50
27.64
25.14
26.49
27.58
25.16
26.49
27.61
25.02
26.56
27.62
25.00
26.66
27.71
25.14
26.58
27.65
25.05
26.53
27.57
24.97
26.61
27.68
25.30
26.64
27.54
25.07
26.68
27.38
25.08
26.53
27.73
25.13
26.37
27.63
25.14
26.63
27.53
25.04
26.49
27.65
25.11
26.52
27.57
25.07
26.67
27.67
25.07
26.44
27.59
25.25
26.50
27.57
25.06
26.39
27.75
25.25
26.60
27.49
25.16
26.55
27.62
25.17
26.52
27.42
24.97
26.50
27.63
25.21
26.53
27.58
25.06
26.63
27.58
24.99
26.65
27.66
24.99
26.61
27.55
25.17
26.43
27.61
25.11
26.57
27.64
25.02
26.59
27.69
25.00
26.72
27.64
25.30
26.51
27.46
24.95
26.53
27.66
25.23
26.38
27.68
24.99
26.64
27.65
25.08
26.53
27.59
25.12
26.66
27.51
25.01
26.49
27.73
25.17
26.60
27.58
24.99
26.67
27.65
25.05
26.47
27.68
24.99
26.47
27.66
25.06
26.74
27.44
25.30
26.42
27.54
25.08
26.63
27.58
25.04
26.67
27.70
25.16
26.36
27.60
25.16
26.47
27.54
25.10
26.58
27.61
25.00
26.44
27.65
25.16
26.65
27.60
25.09
26.57
27.60
25.13
26.45
27.67
25.01
26.47
27.83
25.12
26.57
27.54
24.98
26.57
27.61
25.14
26.55
27.70
25.07
26.44
27.68
25.15
26.55
27.58
25.09
26.60
27.62
25.11
26.40
27.78
25.16
26.49
27.63
25.21
26.52
27.71
25.03
26.59
27.45
25.03
26.48
27.68
24.97
26.45
27.66
25.14
26.69
27.67
24.94
26.61
27.68
25.16
26.43
27.68
25.02
26.47
27.63
25.19
26.43
27.65
25.07
26.52
27.66
24.99
26.68
27.68
25.05
26.48
27.69
25.10
26.46
27.58
25.11
26.47
27.64
25.20
26.59
27.74
25.08
26.49
27.57
25.20
26.38
27.67
24.96
26.51
27.68
25.04
26.60
27.70
25.08
26.39
27.52
25.06
26.52
27.80
25.01
26.47
27.73
25.11
26.46
27.72
25.14
26.60
27.64
25.09
26.52
27.59
25.03
26.47
27.62
24.96
26.55
27.77
24.96
26.81
27.70
25.01
26.56
27.59
25.18
26.48
27.65
25.08
26.57
27.45
24.98
26.58
27.58
25.00
26.69
27.61
25.05
26.47
27.68
25.08
26.54
27.74
25.14
26.70
27.53
25.00
26.39
27.75
25.07
26.51
27.63
25.00
26.50
27.74
25.02
26.52
27.62
25.26
26.40
27.60
25.17
26.57
27.58
25.04
26.63
27.58
25.22
26.54
27.57
25.07
26.58
27.55
25.10
26.60
27.63
25.18
26.53
27.52
25.05
26.47
27.68
25.02
26.58
27.74
25.09
26.44
27.71
25.24
26.37
27.60
25.15
26.77
27.49
25.00
26.46
27.70
25.01
26.59
27.54
25.01
26.60
27.72
25.02
26.57
27.57
25.12
26.44
27.68
25.16
26.52
27.52
25.10
26.58
27.68
24.94
26.64
27.63
24.98
26.58
27.57
25.13
26.54
27.67
25.12
26.59
27.61
24.98
26.66
27.53
25.20
26.66
27.42
25.07
26.63
27.48
25.23
26.50
27.61
25.18
26.48
27.47
25.19
26.71
27.50
25.10
26.47
27.53
25.04
26.47
27.70
25.09
26.49
27.70
25.13
26.63
27.52
25.19
26.50
27.55
25.04
26.46
27.69
25.16
26.65
27.58
25.04
26.70
27.61
24.97
26.60
27.56
25.06
26.46
27.78
25.06
26.57
27.62
25.16
26.59
27.53
25.06
26.78
27.45
25.07
26.60
27.53
25.17
26.69
27.39
